#Path: /HepData/8872/d3-x1-y1
#Centrality dependence of the charged particle pseudorapidity distribution measured in several centrality intervals for charged particles with $p_{T} > 0$ GeV. The first uncertainty is statistical the #second systematic
#Location: Figure 7 right
#$\sqrt{s_{_{\text{NN}}}}$ in GeV : 5020.0
#$p_{T}$ in GeV above : 0.0
#x : $\eta$
#y : $dN_{ch}/d\eta$ in (60-90)% : $dN_{ch}/d\eta$ in (40-60)% : $dN_{ch}/d\eta$ in (30-40)% : $dN_{ch}/d\eta$ in (20-30)% : $dN_{ch}/d\eta$ in (10-20)% : $dN_{ch}/d\eta$ in (5-10)% : $dN_{ch}/d\eta$ in (1-5)% : $dN_{ch}/d\eta$ in (0-1)%
#xdesc	x	xlow	xhigh	y	dy+	dy-	dy+	dy-	y	dy+	dy-	dy+	dy-	y	dy+	dy-	dy+	dy-	y	dy+	dy-	dy+	dy-	y	dy+	dy-	dy+	dy-	y	dy+	dy-	dy+	dy-	y	dy+	dy-	dy+	dy-	y	dy+	dy-	dy+	dy-	
	-2.6500000000000004	-2.7	-2.6	8.681	+0.098	-0.098	+0.637	-0.637	17.875	+0.136	-0.136	+0.899	-0.899	24.485	+0.203	-0.203	+1.096	-1.096	29.805	+0.238	-0.238	+1.224	-1.224	36.899	+0.286	-0.286	+1.515	-1.515	45.076	+0.371	-0.371	+1.807	-1.807	54.735	+0.509	-0.509	+2.198	-2.198	72.722	+0.529	-0.529	+3.478	-3.478
	-2.55	-2.6	-2.5	8.556	+0.087	-0.087	+0.622	-0.622	17.76	+0.121	-0.121	+0.889	-0.889	24.189	+0.18	-0.18	+1.08	-1.08	29.569	+0.212	-0.212	+1.214	-1.214	36.447	+0.254	-0.254	+1.497	-1.497	44.758	+0.334	-0.334	+1.796	-1.796	54.505	+0.465	-0.465	+2.191	-2.191	72.305	+0.498	-0.498	+3.444	-3.444
	-2.45	-2.5	-2.4	8.791	+0.088	-0.088	+0.618	-0.618	18.213	+0.123	-0.123	+0.863	-0.863	24.759	+0.182	-0.182	+1.034	-1.034	30.183	+0.214	-0.214	+1.147	-1.147	37.182	+0.256	-0.256	+1.413	-1.413	45.486	+0.336	-0.336	+1.684	-1.684	55.18	+0.467	-0.467	+2.044	-2.044	72.463	+0.497	-0.497	+3.164	-3.164
	-2.3499999999999996	-2.4	-2.3	8.889	+0.093	-0.093	+0.615	-0.615	18.377	+0.129	-0.129	+0.852	-0.852	24.921	+0.19	-0.19	+1.017	-1.017	30.321	+0.223	-0.223	+1.123	-1.123	37.246	+0.267	-0.267	+1.379	-1.379	45.405	+0.349	-0.349	+1.636	-1.636	55.167	+0.49	-0.49	+1.989	-1.989	72.211	+0.519	-0.519	+3.053	-3.053
	-2.25	-2.3	-2.2	8.937	+0.093	-0.093	+0.611	-0.611	18.472	+0.13	-0.13	+0.849	-0.849	25.078	+0.192	-0.192	+1.015	-1.015	30.372	+0.224	-0.224	+1.117	-1.117	37.477	+0.269	-0.269	+1.379	-1.379	45.476	+0.35	-0.35	+1.628	-1.628	55.363	+0.49	-0.49	+1.984	-1.984	72.94	+0.526	-0.526	+3.049	-3.049
	-2.1500000000000004	-2.2	-2.1	8.969	+0.096	-0.096	+0.607	-0.607	18.499	+0.134	-0.134	+0.844	-0.844	25.159	+0.199	-0.199	+1.013	-1.013	30.566	+0.233	-0.233	+1.12	-1.12	37.535	+0.279	-0.279	+1.375	-1.375	45.737	+0.365	-0.365	+1.631	-1.631	55.175	+0.507	-0.507	+1.969	-1.969	72.589	+0.541	-0.541	+3.007	-3.007
	-2.05	-2.1	-2.0	8.993	+0.096	-0.096	+0.6	-0.6	18.628	+0.135	-0.135	+0.833	-0.833	25.101	+0.198	-0.198	+0.988	-0.988	30.435	+0.233	-0.233	+1.088	-1.088	37.64	+0.281	-0.281	+1.345	-1.345	45.67	+0.366	-0.366	+1.588	-1.588	55.188	+0.511	-0.511	+1.92	-1.92	72.3	+0.543	-0.543	+2.906	-2.906
	-1.95	-2.0	-1.9	9.109	+0.097	-0.097	+0.596	-0.596	18.596	+0.134	-0.134	+0.809	-0.809	25.24	+0.199	-0.199	+0.961	-0.961	30.471	+0.233	-0.233	+1.048	-1.048	37.514	+0.28	-0.28	+1.291	-1.291	45.736	+0.366	-0.366	+1.529	-1.529	55.37	+0.511	-0.511	+1.851	-1.851	71.849	+0.54	-0.54	+2.761	-2.761
	-1.85	-1.9	-1.8	9.059	+0.097	-0.097	+0.587	-0.587	18.494	+0.134	-0.134	+0.796	-0.796	25.184	+0.2	-0.2	+0.949	-0.949	30.323	+0.232	-0.232	+1.033	-1.033	37.402	+0.281	-0.281	+1.274	-1.274	45.468	+0.367	-0.367	+1.504	-1.504	55.091	+0.513	-0.513	+1.823	-1.823	72.646	+0.551	-0.551	+2.75	-2.75
	-1.75	-1.8	-1.7	9.093	+0.097	-0.097	+0.582	-0.582	18.582	+0.135	-0.135	+0.788	-0.788	25.211	+0.201	-0.201	+0.935	-0.935	30.511	+0.235	-0.235	+1.022	-1.022	37.346	+0.282	-0.282	+1.251	-1.251	45.241	+0.367	-0.367	+1.471	-1.471	54.507	+0.512	-0.512	+1.772	-1.772	71.751	+0.549	-0.549	+2.657	-2.657
	-1.65	-1.7	-1.6	9.093	+0.097	-0.097	+0.577	-0.577	18.48	+0.135	-0.135	+0.78	-0.78	24.957	+0.2	-0.2	+0.923	-0.923	30.27	+0.235	-0.235	+1.012	-1.012	37.036	+0.282	-0.282	+1.238	-1.238	45.229	+0.37	-0.37	+1.469	-1.469	54.545	+0.516	-0.516	+1.771	-1.771	70.867	+0.547	-0.547	+2.61	-2.61
	-1.55	-1.6	-1.5	9.03	+0.097	-0.097	+0.566	-0.566	18.353	+0.134	-0.134	+0.76	-0.76	24.86	+0.2	-0.2	+0.899	-0.899	30.141	+0.235	-0.235	+0.982	-0.982	37.079	+0.283	-0.283	+1.209	-1.209	44.734	+0.369	-0.369	+1.415	-1.415	54.103	+0.515	-0.515	+1.711	-1.711	70.164	+0.545	-0.545	+2.506	-2.506
	-1.45	-1.5	-1.4	9.016	+0.096	-0.096	+0.555	-0.555	18.292	+0.133	-0.133	+0.737	-0.737	24.674	+0.198	-0.198	+0.863	-0.863	29.773	+0.231	-0.231	+0.933	-0.933	36.613	+0.279	-0.279	+1.147	-1.147	44.218	+0.364	-0.364	+1.342	-1.342	53.203	+0.506	-0.506	+1.613	-1.613	69.717	+0.544	-0.544	+2.377	-2.377
	-1.35	-1.4	-1.3	8.975	+0.096	-0.096	+0.548	-0.548	18.125	+0.133	-0.133	+0.726	-0.726	24.552	+0.198	-0.198	+0.854	-0.854	29.457	+0.23	-0.23	+0.918	-0.918	36.275	+0.278	-0.278	+1.131	-1.131	43.759	+0.363	-0.363	+1.322	-1.322	53.042	+0.51	-0.51	+1.601	-1.601	68.356	+0.54	-0.54	+2.311	-2.311
	-1.25	-1.3	-1.2	8.898	+0.095	-0.095	+0.54	-0.54	18.013	+0.132	-0.132	+0.718	-0.718	24.339	+0.197	-0.197	+0.843	-0.843	29.231	+0.229	-0.229	+0.909	-0.909	35.884	+0.278	-0.278	+1.116	-1.116	43.496	+0.362	-0.362	+1.311	-1.311	52.116	+0.503	-0.503	+1.57	-1.57	67.299	+0.532	-0.532	+2.262	-2.262
	-1.15	-1.2	-1.1	8.868	+0.095	-0.095	+0.535	-0.535	17.827	+0.131	-0.131	+0.707	-0.707	24.068	+0.196	-0.196	+0.83	-0.83	29.046	+0.229	-0.229	+0.9	-0.9	35.486	+0.275	-0.275	+1.099	-1.099	42.806	+0.359	-0.359	+1.285	-1.285	51.792	+0.504	-0.504	+1.554	-1.554	66.848	+0.535	-0.535	+2.231	-2.231
	-1.05	-1.1	-1.0	8.825	+0.095	-0.095	+0.527	-0.527	17.725	+0.131	-0.131	+0.692	-0.692	23.834	+0.195	-0.195	+0.807	-0.807	28.584	+0.227	-0.227	+0.867	-0.867	35.233	+0.276	-0.276	+1.069	-1.069	42.27	+0.358	-0.358	+1.242	-1.242	50.974	+0.5	-0.5	+1.496	-1.496	64.957	+0.522	-0.522	+2.114	-2.114
	-0.95	-1.0	-0.9	8.698	+0.094	-0.094	+0.515	-0.515	17.564	+0.13	-0.13	+0.677	-0.677	23.536	+0.193	-0.193	+0.786	-0.786	28.325	+0.226	-0.226	+0.845	-0.845	34.59	+0.272	-0.272	+1.032	-1.032	41.797	+0.356	-0.356	+1.207	-1.207	50.199	+0.497	-0.497	+1.448	-1.448	64.473	+0.521	-0.521	+2.055	-2.055
	-0.8500000000000001	-0.9	-0.8	8.672	+0.094	-0.094	+0.511	-0.511	17.317	+0.129	-0.129	+0.666	-0.666	23.29	+0.192	-0.192	+0.775	-0.775	27.967	+0.224	-0.224	+0.833	-0.833	34.174	+0.27	-0.27	+1.018	-1.018	41.235	+0.353	-0.353	+1.189	-1.189	49.519	+0.491	-0.491	+1.426	-1.426	63.135	+0.513	-0.513	+2.004	-2.004
	-0.75	-0.8	-0.7	8.585	+0.093	-0.093	+0.503	-0.503	17.067	+0.127	-0.127	+0.651	-0.651	23.084	+0.191	-0.191	+0.761	-0.761	27.605	+0.223	-0.223	+0.813	-0.813	33.723	+0.268	-0.268	+0.994	-0.994	40.657	+0.35	-0.35	+1.159	-1.159	48.815	+0.486	-0.486	+1.39	-1.39	62.982	+0.517	-0.517	+1.972	-1.972
	-0.6499999999999999	-0.7	-0.6	8.524	+0.093	-0.093	+0.494	-0.494	16.925	+0.127	-0.127	+0.635	-0.635	22.681	+0.188	-0.188	+0.734	-0.734	27.229	+0.22	-0.22	+0.784	-0.784	33.193	+0.265	-0.265	+0.956	-0.956	39.928	+0.345	-0.345	+1.111	-1.111	48.099	+0.483	-0.483	+1.336	-1.336	61.85	+0.51	-0.51	+1.885	-1.885
	-0.55	-0.6	-0.5	8.456	+0.093	-0.093	+0.49	-0.49	16.781	+0.126	-0.126	+0.631	-0.631	22.498	+0.188	-0.188	+0.731	-0.731	26.995	+0.218	-0.218	+0.782	-0.782	32.891	+0.263	-0.263	+0.953	-0.953	39.271	+0.34	-0.34	+1.101	-1.101	46.757	+0.472	-0.472	+1.308	-1.308	60.648	+0.502	-0.502	+1.859	-1.859
	-0.45	-0.5	-0.4	8.375	+0.089	-0.089	+0.483	-0.483	16.599	+0.126	-0.126	+0.622	-0.622	22.199	+0.186	-0.186	+0.718	-0.718	26.64	+0.22	-0.22	+0.768	-0.768	32.394	+0.266	-0.266	+0.934	-0.934	39.001	+0.347	-0.347	+1.087	-1.087	46.5	+0.487	-0.487	+1.294	-1.294	59.145	+0.511	-0.511	+1.8	-1.8
	-0.35	-0.4	-0.3	8.308	+0.089	-0.089	+0.479	-0.479	16.404	+0.124	-0.124	+0.616	-0.616	22.062	+0.185	-0.185	+0.717	-0.717	26.236	+0.216	-0.216	+0.761	-0.761	32.008	+0.264	-0.264	+0.929	-0.929	38.332	+0.343	-0.343	+1.076	-1.076	45.807	+0.48	-0.48	+1.284	-1.284	58.71	+0.51	-0.51	+1.798	-1.798
	-0.25	-0.3	-0.2	8.325	+0.09	-0.09	+0.477	-0.477	16.29	+0.124	-0.124	+0.602	-0.602	21.765	+0.184	-0.184	+0.691	-0.691	26.064	+0.216	-0.216	+0.736	-0.736	31.564	+0.26	-0.26	+0.891	-0.891	37.806	+0.339	-0.339	+1.031	-1.031	45.057	+0.476	-0.476	+1.226	-1.226	57.403	+0.501	-0.501	+1.704	-1.704
	-0.15000000000000002	-0.2	-0.1	8.285	+0.09	-0.09	+0.473	-0.473	16.246	+0.124	-0.124	+0.596	-0.596	21.624	+0.183	-0.183	+0.682	-0.682	25.878	+0.215	-0.215	+0.724	-0.724	31.321	+0.26	-0.26	+0.876	-0.876	37.261	+0.334	-0.334	+1.006	-1.006	44.566	+0.472	-0.472	+1.201	-1.201	56.947	+0.499	-0.499	+1.673	-1.673
	-0.05	-0.1	0.0	8.253	+0.09	-0.09	+0.471	-0.471	16.127	+0.123	-0.123	+0.594	-0.594	21.528	+0.182	-0.182	+0.682	-0.682	25.661	+0.214	-0.214	+0.722	-0.722	30.884	+0.256	-0.256	+0.868	-0.868	36.838	+0.332	-0.332	+1.001	-1.001	44.065	+0.467	-0.467	+1.194	-1.194	55.909	+0.494	-0.494	+1.651	-1.651
	0.05	0.0	0.1	8.214	+0.089	-0.089	+0.467	-0.467	16.125	+0.124	-0.124	+0.588	-0.588	21.304	+0.181	-0.181	+0.665	-0.665	25.43	+0.213	-0.213	+0.703	-0.703	30.986	+0.257	-0.257	+0.856	-0.856	36.932	+0.333	-0.333	+0.985	-0.985	43.732	+0.465	-0.465	+1.163	-1.163	55.101	+0.49	-0.49	+1.597	-1.597
	0.15000000000000002	0.1	0.2	8.284	+0.09	-0.09	+0.473	-0.473	16.062	+0.123	-0.123	+0.592	-0.592	21.475	+0.183	-0.183	+0.68	-0.68	25.486	+0.213	-0.213	+0.717	-0.717	30.761	+0.256	-0.256	+0.865	-0.865	36.576	+0.33	-0.33	+0.994	-0.994	43.334	+0.461	-0.461	+1.175	-1.175	54.628	+0.485	-0.485	+1.615	-1.615
	0.25	0.2	0.3	8.358	+0.091	-0.091	+0.479	-0.479	16.159	+0.124	-0.124	+0.6	-0.6	21.436	+0.182	-0.182	+0.686	-0.686	25.336	+0.211	-0.211	+0.722	-0.722	30.725	+0.256	-0.256	+0.875	-0.875	36.64	+0.331	-0.331	+1.009	-1.009	43.224	+0.46	-0.46	+1.188	-1.188	54.621	+0.481	-0.481	+1.637	-1.637
	0.35	0.3	0.4	8.415	+0.091	-0.091	+0.486	-0.486	16.266	+0.124	-0.124	+0.613	-0.613	21.508	+0.183	-0.183	+0.701	-0.701	25.48	+0.213	-0.213	+0.743	-0.743	30.727	+0.255	-0.255	+0.895	-0.895	36.587	+0.33	-0.33	+1.032	-1.032	43.258	+0.459	-0.459	+1.219	-1.219	54.44	+0.483	-0.483	+1.675	-1.675
	0.45	0.4	0.5	8.473	+0.092	-0.092	+0.492	-0.492	16.337	+0.125	-0.125	+0.621	-0.621	21.642	+0.184	-0.184	+0.714	-0.714	25.575	+0.213	-0.213	+0.756	-0.756	30.705	+0.255	-0.255	+0.908	-0.908	36.375	+0.328	-0.328	+1.042	-1.042	43.009	+0.457	-0.457	+1.231	-1.231	54.457	+0.48	-0.48	+1.704	-1.704
	0.55	0.5	0.6	8.609	+0.092	-0.092	+0.503	-0.503	16.445	+0.126	-0.126	+0.63	-0.63	21.785	+0.187	-0.187	+0.725	-0.725	25.747	+0.218	-0.218	+0.769	-0.769	30.858	+0.262	-0.262	+0.921	-0.921	36.542	+0.339	-0.339	+1.058	-1.058	42.975	+0.472	-0.472	+1.243	-1.243	54.194	+0.498	-0.498	+1.716	-1.716
	0.6499999999999999	0.6	0.7	8.686	+0.092	-0.092	+0.509	-0.509	16.639	+0.127	-0.127	+0.638	-0.638	21.733	+0.185	-0.185	+0.724	-0.724	25.762	+0.218	-0.218	+0.769	-0.769	30.981	+0.262	-0.262	+0.925	-0.925	36.596	+0.339	-0.339	+1.059	-1.059	42.884	+0.472	-0.472	+1.239	-1.239	53.919	+0.495	-0.495	+1.71	-1.71
	0.75	0.7	0.8	8.723	+0.092	-0.092	+0.514	-0.514	16.697	+0.127	-0.127	+0.645	-0.645	21.977	+0.187	-0.187	+0.738	-0.738	25.93	+0.219	-0.219	+0.782	-0.782	30.961	+0.262	-0.262	+0.934	-0.934	36.401	+0.337	-0.337	+1.064	-1.064	42.871	+0.47	-0.47	+1.252	-1.252	53.581	+0.493	-0.493	+1.721	-1.721
	0.8500000000000001	0.8	0.9	8.839	+0.093	-0.093	+0.526	-0.526	16.842	+0.128	-0.128	+0.661	-0.661	21.947	+0.187	-0.187	+0.752	-0.752	26.057	+0.219	-0.219	+0.804	-0.804	31.002	+0.262	-0.262	+0.956	-0.956	36.606	+0.339	-0.339	+1.096	-1.096	42.775	+0.471	-0.471	+1.28	-1.28	53.583	+0.492	-0.492	+1.767	-1.767
	0.95	0.9	1.0	8.955	+0.094	-0.094	+0.537	-0.537	16.913	+0.128	-0.128	+0.673	-0.673	22.155	+0.188	-0.188	+0.771	-0.771	26.028	+0.219	-0.219	+0.818	-0.818	31.11	+0.263	-0.263	+0.977	-0.977	36.469	+0.338	-0.338	+1.113	-1.113	42.799	+0.471	-0.471	+1.305	-1.305	53.539	+0.491	-0.491	+1.805	-1.805
	1.05	1.0	1.1	8.993	+0.093	-0.093	+0.543	-0.543	17.014	+0.128	-0.128	+0.683	-0.683	22.258	+0.188	-0.188	+0.782	-0.782	26.156	+0.219	-0.219	+0.83	-0.83	31.168	+0.262	-0.262	+0.989	-0.989	36.612	+0.34	-0.34	+1.129	-1.129	42.744	+0.47	-0.47	+1.318	-1.318	53.086	+0.488	-0.488	+1.814	-1.814
	1.15	1.1	1.2	9.089	+0.094	-0.094	+0.553	-0.553	17.103	+0.128	-0.128	+0.69	-0.69	22.296	+0.188	-0.188	+0.787	-0.787	26.274	+0.219	-0.219	+0.838	-0.838	31.136	+0.262	-0.262	+0.993	-0.993	36.459	+0.337	-0.337	+1.129	-1.129	42.713	+0.47	-0.47	+1.323	-1.323	52.688	+0.483	-0.483	+1.815	-1.815
	1.25	1.2	1.3	9.212	+0.094	-0.094	+0.569	-0.569	17.156	+0.128	-0.128	+0.71	-0.71	22.294	+0.187	-0.187	+0.811	-0.811	26.053	+0.217	-0.217	+0.861	-0.861	31.13	+0.262	-0.262	+1.028	-1.028	36.384	+0.334	-0.334	+1.169	-1.169	42.374	+0.464	-0.464	+1.362	-1.362	52.625	+0.483	-0.483	+1.888	-1.888
	1.35	1.3	1.4	9.221	+0.094	-0.094	+0.57	-0.57	17.251	+0.128	-0.128	+0.71	-0.71	22.343	+0.188	-0.188	+0.806	-0.806	26.161	+0.218	-0.218	+0.853	-0.853	30.994	+0.259	-0.259	+1.011	-1.011	36.161	+0.333	-0.333	+1.146	-1.146	42.285	+0.465	-0.465	+1.34	-1.34	51.795	+0.474	-0.474	+1.839	-1.839
	1.45	1.4	1.5	9.265	+0.094	-0.094	+0.583	-0.583	17.275	+0.128	-0.128	+0.73	-0.73	22.393	+0.188	-0.188	+0.833	-0.833	26.094	+0.217	-0.217	+0.883	-0.883	30.783	+0.258	-0.258	+1.041	-1.041	35.915	+0.332	-0.332	+1.183	-1.183	41.803	+0.46	-0.46	+1.377	-1.377	51.467	+0.472	-0.472	+1.907	-1.907
	1.55	1.5	1.6	9.34	+0.096	-0.096	+0.593	-0.593	17.306	+0.131	-0.131	+0.739	-0.739	22.369	+0.192	-0.192	+0.841	-0.841	25.825	+0.221	-0.221	+0.883	-0.883	30.688	+0.266	-0.266	+1.049	-1.049	35.594	+0.341	-0.341	+1.185	-1.185	41.337	+0.47	-0.47	+1.377	-1.377	50.868	+0.489	-0.489	+1.913	-1.913
	1.65	1.6	1.7	9.41	+0.097	-0.097	+0.605	-0.605	17.331	+0.131	-0.131	+0.754	-0.754	22.368	+0.192	-0.192	+0.859	-0.859	25.814	+0.22	-0.22	+0.904	-0.904	30.425	+0.263	-0.263	+1.065	-1.065	35.476	+0.34	-0.34	+1.21	-1.21	41.002	+0.467	-0.467	+1.399	-1.399	50.302	+0.485	-0.485	+1.947	-1.947
	1.75	1.7	1.8	9.405	+0.097	-0.097	+0.614	-0.614	17.293	+0.131	-0.131	+0.768	-0.768	22.077	+0.189	-0.189	+0.868	-0.868	25.476	+0.218	-0.218	+0.916	-0.916	30.155	+0.261	-0.261	+1.084	-1.084	34.928	+0.336	-0.336	+1.224	-1.224	40.531	+0.464	-0.464	+1.423	-1.423	49.617	+0.482	-0.482	+1.984	-1.984
	1.85	1.8	1.9	9.405	+0.097	-0.097	+0.625	-0.625	17.192	+0.13	-0.13	+0.784	-0.784	22.062	+0.19	-0.19	+0.896	-0.896	25.436	+0.218	-0.218	+0.948	-0.948	29.798	+0.259	-0.259	+1.11	-1.11	34.54	+0.331	-0.331	+1.257	-1.257	39.894	+0.458	-0.458	+1.454	-1.454	48.78	+0.474	-0.474	+2.034	-2.034
	1.95	1.9	2.0	9.433	+0.097	-0.097	+0.635	-0.635	17.143	+0.13	-0.13	+0.793	-0.793	21.88	+0.189	-0.189	+0.902	-0.902	25.044	+0.216	-0.216	+0.948	-0.948	29.52	+0.258	-0.258	+1.118	-1.118	34.21	+0.331	-0.331	+1.265	-1.265	39.241	+0.454	-0.454	+1.454	-1.454	47.307	+0.464	-0.464	+2.014	-2.014
	2.05	2.0	2.1	9.444	+0.098	-0.098	+0.653	-0.653	17.104	+0.13	-0.13	+0.827	-0.827	21.743	+0.189	-0.189	+0.945	-0.945	24.878	+0.216	-0.216	+1.0	-1.0	29.112	+0.256	-0.256	+1.17	-1.17	33.818	+0.33	-0.33	+1.33	-1.33	38.439	+0.445	-0.445	+1.516	-1.516	46.313	+0.455	-0.455	+2.11	-2.11
	2.1500000000000004	2.1	2.2	9.372	+0.098	-0.098	+0.658	-0.658	17.049	+0.131	-0.131	+0.839	-0.839	21.565	+0.189	-0.189	+0.954	-0.954	24.585	+0.215	-0.215	+1.008	-1.008	28.749	+0.255	-0.255	+1.178	-1.178	33.3	+0.329	-0.329	+1.336	-1.336	37.792	+0.443	-0.443	+1.521	-1.521	45.777	+0.456	-0.456	+2.138	-2.138
	2.25	2.2	2.3	9.489	+0.095	-0.095	+0.699	-0.699	17.036	+0.126	-0.126	+0.912	-0.912	21.402	+0.181	-0.181	+1.047	-1.047	24.273	+0.204	-0.204	+1.115	-1.115	28.395	+0.242	-0.242	+1.304	-1.304	32.685	+0.31	-0.31	+1.475	-1.475	37.272	+0.422	-0.422	+1.689	-1.689	44.7	+0.432	-0.432	+2.363	-2.363
	2.3499999999999996	2.3	2.4	9.474	+0.094	-0.094	+0.701	-0.701	16.869	+0.123	-0.123	+0.9	-0.9	21.196	+0.176	-0.176	+1.029	-1.029	24.073	+0.199	-0.199	+1.094	-1.094	28.243	+0.236	-0.236	+1.283	-1.283	31.913	+0.298	-0.298	+1.424	-1.424	36.504	+0.407	-0.407	+1.635	-1.635	43.795	+0.424	-0.424	+2.301	-2.301
	2.45	2.4	2.5	9.34	+0.098	-0.098	+0.706	-0.706	16.8	+0.13	-0.13	+0.923	-0.923	21.07	+0.185	-0.185	+1.057	-1.057	23.859	+0.21	-0.21	+1.124	-1.124	27.542	+0.245	-0.245	+1.297	-1.297	31.815	+0.317	-0.317	+1.473	-1.473	35.629	+0.429	-0.429	+1.656	-1.656	43.003	+0.449	-0.449	+2.356	-2.356
	2.55	2.5	2.6	9.364	+0.099	-0.099	+0.713	-0.713	16.576	+0.13	-0.13	+0.913	-0.913	20.773	+0.185	-0.185	+1.043	-1.043	23.472	+0.209	-0.209	+1.104	-1.104	27.18	+0.247	-0.247	+1.279	-1.279	31.143	+0.315	-0.315	+1.439	-1.439	34.976	+0.427	-0.427	+1.623	-1.623	41.486	+0.443	-0.443	+2.281	-2.281
	2.6500000000000004	2.6	2.7	9.23	+0.172	-0.172	+0.727	-0.727	16.135	+0.223	-0.223	+0.936	-0.936	20.64	+0.32	-0.32	+1.099	-1.099	23.418	+0.366	-0.366	+1.176	-1.176	26.831	+0.426	-0.426	+1.347	-1.347	30.302	+0.544	-0.544	+1.497	-1.497	33.831	+0.733	-0.733	+1.679	-1.679	40.29	+0.825	-0.825	+2.382	-2.382


